1.092267199319512 2.3961521100795182
-1.5168863303489797 11.705926496309456
1.447393691710853 2.9207176081204103
-0.07224766771823266 2.846186233299923
1.373438117533762 2.023202582736272
-1.1626392792374651 6.010861579498525
0.41080194314338225 2.629095943146025
-0.6073173876049447 4.356071206789862
-0.09880058787308288 1.6833093958528542
1.1827268616931343 0.8719803847072158
1.7622777081707004 4.4647357736433655
-0.7556946194187013 2.7786488692625992
1.248275822636729 2.42643812232364
-1.9700065872566692 25.66246332054113
-0.5938974815094507 4.356651527134838
0.942357472620206 1.5345039617330456
0.4631210491657929 2.9727489142687022
-1.330483787814126 8.39647925546441
-0.4909620133194488 4.498749575159968
-0.13425580028688744 4.022676065155497
1.4242121898941371 1.0001799769959314
1.8484540268797174 7.400890272645753
1.000280462758934 1.8318750747465524
0.7067701926332597 1.748608694462604
-0.6983008283503502 3.6154318455983203
0.5527320119613339 0.5698512415747758
-1.2244625382759673 6.1312071628057385
0.548538840493634 0.8796450723785232
1.6428928704576808 3.103056774371435
-1.3284944218593955 9.17406959387851
-1.4078181171446467 9.378692129505916
-1.1393024348116159 7.058586439332961
1.8621034647746337 7.132413576313307
0.2436694714786225 2.6871659489769493
0.769363138956261 0.7192463327585908
1.6943968951474053 3.2659316888039562
2.0 10.22912086201837
0.9112948742857245 0.34625326310149296
1.1605243561972682 0.8605274227335806
0.9212750429712036 1.3735634213860426
-1.5240807536284762 12.893169939553141
-0.6274087362569083 2.2042116087482198
0.2493491814881783 1.201585774982697
-0.8011128252318769 3.313610054751218
-0.0855799400518098 1.5035052888890879
1.0183486443306866 0.8971696432652345
-1.274073376399032 7.391296475262406
-2.0 28.721653272058504
-0.9027918133922093 4.834726395343004
0.9717309877115814 2.1821561193871046
